0000d023
0000d823
3c024321
20140001
20150001
00021823
20160001
20170001
20180001
34021234
20140001
00432023
20150001
20160001
20170001
20180001
34051234
00a53021
20140001
20150001
20160001
20170001
20180001
34072121
34e81212
00e84821
01075023
20140001
20150001
20160001
20170001
20180001
012a0021
3c0b1234
00096023
3c0d1234
20140001
20150001
20160001
20170001
20180001
340e1234
01c27021
20140001
000e7823
20150001
20160001
20170001
20180001
344e1234
01c37021
01c48023
20140001
20150001
20160001
20170001
20180001
200e0001
01ce7021
21ce0001
020e8821
20140001
20150001
20160001
20170001
20180001
08000c45
00421023
237b0001
20420001
00401823
1c600003
235a0001
237b0001
23de0002
00631021
00431823
1c600002
235a0001
237b0001
3c021234
1c40ffff
20840001
08000c53
03e0f821
